Q-values: [38.46448  42.99486  43.169613]
Chosen action: 2
State: [0.9375     0.8425     0.86333334 0.3        0.7        0.5125
 0.51666665]
Q-values: [38.614445 43.20291  43.342155]
Chosen action: 2
State: [0.9375     0.8375     0.87       0.3        0.7        0.5125
 0.51666665]
Q-values: [38.764393 43.410965 43.5147  ]
Chosen action: 2
State: [0.9375     0.8325     0.87666667 0.3        0.7        0.5125
 0.51666665]
Q-values: [38.914345 43.619015 43.68724 ]
Chosen action: 2
State: [0.9375     0.8275     0.8833333  0.3        0.7        0.5125
 0.51666665]
Q-values: [39.064297 43.82706  43.85978 ]
Chosen action: 2
State: [0.9375     0.8225     0.89       0.3        0.7        0.5125
 0.51666665]
Q-values: [39.214256 44.03511  44.03232 ]
Chosen action: 1
State: [0.9375     0.8175     0.89666665 0.3        0.7        0.5125
 0.51666665]
Q-values: [39.3642   44.243164 44.204857]
Chosen action: 1
State: [0.9375     0.8125     0.9033333  0.3        0.7        0.5125
 0.51666665]
Q-values: [39.514153 44.451218 44.377396]
Chosen action: 1
State: [0.9375     0.8075     0.91       0.3        0.7        0.5125
 0.51666665]
Q-values: [39.66411  44.659264 44.549942]
Chosen action: 1
State: [0.9375     0.8025     0.9166667  0.3        0.7        0.5125
 0.51666665]
Q-values: [39.80592  44.84834  44.709717]
Chosen action: 1
State: [0.9375     0.7975     0.92333335 0.3        0.7        0.5125
 0.51666665]
Q-values: [39.947678 45.03727  44.869396]
Chosen action: 1
State: [0.9375     0.7925     0.93       0.3        0.7        0.5125
 0.51666665]
Q-values: [40.089428 45.2262   45.02908 ]
Chosen action: 1
State: [0.9375     0.7875     0.93666667 0.3        0.7        0.5125
 0.51666665]
Q-values: [40.23119  45.415127 45.18876 ]
Chosen action: 1
State: [0.9375     0.7825     0.9433333  0.3        0.7        0.5125
 0.51666665]
Q-values: [40.372936 45.60406  45.34844 ]
Chosen action: 1
State: [0.9375     0.7775     0.95       0.3        0.7        0.5125
 0.51666665]
Q-values: [40.51469  45.792988 45.50812 ]
Chosen action: 1
State: [0.9375     0.7725     0.95666665 0.3        0.7        0.5125
 0.51666665]
Q-values: [40.655087 45.98034  45.668877]
Chosen action: 1
State: [0.9375     0.7675     0.9633333  0.3        0.7        0.5125
 0.51666665]
Q-values: [40.79292  46.164696 45.831654]
Chosen action: 1
State: [0.9375     0.7625     0.97       0.3        0.7        0.5125
 0.51666665]
Q-values: [40.930756 46.34906  45.994446]
Chosen action: 1
State: [0.9375     0.7575     0.9766667  0.3        0.7        0.5125
 0.51666665]
Q-values: [41.068592 46.53342  46.157234]
Chosen action: 1
State: [0.9375     0.7525     0.98333335 0.3        0.7        0.5125
 0.51666665]
Q-values: [41.206417 46.71778  46.320023]
Chosen action: 1